20 200 0.3506465126066176 0.2629397141920075 0.0877067984146101 0.019611836334393895
25 250 0.4326079681043672 0.28999086695094967 0.14261710115341752 0.028523420230683504
30 300 0.5315408169775527 0.3733165362290896 0.15822428074846312 0.02888766923698788
35 350 0.5709488386430726 0.3735677064184531 0.19738113222461945 0.03336350074055381
40 400 0.506027005164775 0.3418560374870969 0.16417096767767803 0.025957709176767315
45 450 0.5023793076413172 0.38734590630385446 0.11503340133746276 0.017148167004905464
50 500 0.5271002677964287 0.3301693380790577 0.19693092971737103 0.02785023916570489
55 550 0.48242246725313426 0.31402043101392846 0.1684020362392058 0.02270732593420049
60 600 0.572055555868902 0.35410160281415426 0.21795395305474774 0.02813773434737037
65 650 0.5304910542332123 0.3081344135913748 0.22235664064183752 0.02757994690615832
70 700 0.6305361639440161 0.39318999388316783 0.2373461700608483 0.02836829327726722
75 750 0.559077730736821 0.3447070349364253 0.2143706958003957 0.024753395785345165
80 800 0.5691820099896759 0.3004178681117822 0.2687641418778937 0.030048744557668414
85 850 0.5954019396296639 0.33835452404978467 0.25704741557987926 0.027880706771422792
90 900 0.5864536382693174 0.322867030255277 0.2635866080140404 0.027784468068078647
95 950 0.5541847104050297 0.3068078754427163 0.24737683496231339 0.025380327747867543
100 1000 0.6251822929904379 0.28370114104319216 0.34148115194724576 0.034148115194724576
105 1050 0.5818306788777962 0.31128348262469363 0.27054719625310253 0.02640270285594239
110 1100 0.6553344302856164 0.3205927142029995 0.33474171608261694 0.03191637033446449
115 1150 0.617966305525848 0.32711042347796415 0.2908558820478838 0.027122450851462924
120 1200 0.6380546678255531 0.2874056048527253 0.3506490629728278 0.03200973359304454
125 1250 0.6932957425936249 0.3263662352097675 0.36692950738385743 0.032819172858432645
130 1300 0.7428390720811399 0.33278148046956824 0.4100575916115716 0.03596442991006557
135 1350 0.7433237783778877 0.34253432711576515 0.4007894512621225 0.03449446377941799
140 1400 0.6770441125036628 0.3268719938569842 0.35017211864667863 0.029594945596153936
145 1450 0.7550099674718224 0.32976946794252765 0.4252404995292947 0.03531430133665436
150 1500 0.7310517974741249 0.31835094464825975 0.4127008528258651 0.03369688352782755
155 1550 0.7264302657014532 0.3246518802867282 0.401778385414725 0.0322716165100345
160 1600 0.6947976159178462 0.3220256126782332 0.37277200323961296 0.029470214454521068
165 1650 0.7520316618038174 0.31353473252954556 0.43849692927427186 0.034136939645809064
170 1700 0.8107407056685603 0.33201710676274426 0.478723598905816 0.03671642396957722
175 1750 0.818812373875969 0.312889575564247 0.5059227983117219 0.03824416876944871
180 1800 0.7899056261530432 0.3474031658383127 0.44250246031473045 0.03298218604915468
185 1850 0.7733902246866649 0.31824517244019873 0.4551450522464661 0.033462929758525196
190 1900 0.8272922820435884 0.3512587734840356 0.4760335085595528 0.03453510047164965
195 1950 0.7696932507003384 0.3345071950906781 0.43518605560966034 0.031164320739662955
200 2000 0.822938929411944 0.3584733192397346 0.46446561017220944 0.032842678258071675
205 2050 0.8444723707715538 0.31357950451886 0.5308928662526937 0.0370791661598828
210 2100 0.8578426500041013 0.3586423526791322 0.4992002973249691 0.03444809323974243
215 2150 0.8265627998955586 0.3435880927769821 0.4829747071185765 0.032938601636227895
220 2200 0.8137918983387026 0.3217416291494172 0.4920502691892854 0.033174022381241744
225 2250 0.8678189889385779 0.32059318338702814 0.5472258055515498 0.03648172037010332
230 2300 0.8941700485742416 0.3614265511010245 0.5327434974732171 0.03512806595624172
235 2350 0.8797516603720561 0.32578725780917034 0.5539644025628858 0.036136653126404863
240 2400 0.809026965363512 0.36970214672554247 0.43932481863796957 0.028358295102674163
245 2450 0.8989348738642297 0.32092675560370654 0.5780081182605231 0.036927584113636204
250 2500 0.9014796167711517 0.32568522736874395 0.5757943894024078 0.03641643468915054
255 2550 0.9219266124165246 0.3101883689853657 0.6117382434311589 0.03830853478223521
260 2600 0.9382193512340566 0.3494580087614835 0.5887613424725732 0.03651342842498584
265 2650 0.9437431212358666 0.3438008773709882 0.5999422438648784 0.03685415907885983
270 2700 0.9272528197404031 0.3135189683370748 0.6137338514033283 0.037350652746458504
275 2750 0.9432366217240481 0.34922579007919213 0.594010831644856 0.03582020090859922
280 2800 0.9609440224368841 0.31278007180135586 0.6481639506355283 0.03873520486693945
285 2850 0.9498157481682613 0.333287449010275 0.6165282991579863 0.03651998461129551
290 2900 0.9402455773386263 0.31327882255244566 0.6269667547861807 0.036816755537396224
295 2950 0.9602394762009803 0.33503974178691714 0.6251997344140632 0.0364005358459076
300 3000 0.974080501617484 0.3269150326874757 0.6471654689300084 0.037364115769697066
305 3050 0.9648440761614419 0.31579652758805093 0.6490475485733909 0.03716435452036231
310 3100 0.9740932887780288 0.3229760609342343 0.6511172278437944 0.03698097350360255
315 3150 1.0013982137500386 0.352615100303582 0.6487831134464566 0.03655478724835244
320 3200 0.9971696871958311 0.3327576592974193 0.6644120278984118 0.03714176148623339
325 3250 0.983520457162105 0.3269524011780806 0.6565680559840243 0.036419842948955554
330 3300 1.0208596531908716 0.32872705990448253 0.6921325932863891 0.038100645293562746
335 3350 1.0535984236261526 0.347618043366917 0.7059803802592357 0.03857182860744761
340 3400 1.063619285617386 0.33649517341169183 0.7271241122056942 0.03943384163794129
345 3450 1.0571952432861105 0.3333067192946016 0.7238885239915089 0.038972848042462656
350 3500 1.047925097417277 0.3348430401952766 0.7130820572220002 0.03811583923972365
355 3550 1.0912492062103747 0.35879843867802247 0.7324507675323522 0.038874450382736056
360 3600 1.0674811960712411 0.3296136996517285 0.7378674964195127 0.03888903166819661
365 3650 1.060917486356811 0.31993614657756814 0.7409813397792429 0.03878473594334033
370 3700 1.0729524123197525 0.34418814117535035 0.7287642711444021 0.03788665039428802
375 3750 1.082357395436479 0.3336683346994295 0.7486890607370493 0.038662136849630206
380 3800 1.1016084947189764 0.34381565630651506 0.7577928384124613 0.038873952378817425
385 3850 1.0812631295442747 0.3341935970397976 0.7470695325044772 0.03807418890495267
390 3900 1.1257996449197232 0.33249572200058536 0.7933039229191379 0.04017050564010588
395 3950 1.0576484794446421 0.35600522809856083 0.7016432513460813 0.035303503328129364
400 4000 1.1182695152495845 0.32880930820566745 0.7894602070439171 0.03947301035219585
